Month ;% sum ;sum
1;0,83;100,83
2;0,84;101,67
3;0,85;102,52
4;0,85;103,38
5;0,86;104,24
6;0,87;105,11
7;0,88;105,98
8;0,88;106,86
9;0,89;107,75
10;0,9;108,65
11;0,91;109,56
12;0,91;110,47
